40520838
11534357
6164126
24304431
52519304
14419905
7764865
34519346
43653950
9419213
5363305
42479372
42941975
12951983
6143947
42300173
44004818
9727615
6372237
38957444
43159724
8697601
5131702
29213566
40961154
12002985
6361395
21354734
46048885
12105383
6233999
21077655
50848392
11230171
6318026
29957465
6626
6927
233711
5120
153297
6325
213833
5723
151189
7228
210520
5723
153899
9638
331291
9638
158116
6626
222266
4819
154502
7228
208111
5120
142456
7529
209617
6626
143660
6626
212327
6024
154804
7830
211424
6324
143961
6626
239132
6024
153297
7530
206606
5722
149382
6625
215038
5421
146973
6324
209919
5722
146973
9637
313221
21082
205401
6325
226182
5120
182512
6325
209918
5421
146973
6626
211123
6023
165645
6325
222266
6324
147876
6626
247264
6626
150587
6626
223170
5722
143057
6324
206304
6325
163538
6927
232507
6626
171670
6625
250276
6927
158417
6325
212930
5120
146070
6626
219255
8734
156911
6626
218954
5120
143359
7831
216845
6023
152093
7228
205702
6023
149683
6626
213833
5120
142757
6324
218652
5722
141250
6625
207208
5722
141853
8734
220459
5120
148479
6927
214135
7529
145166
6626
329183
10240
206606
23793
247565
8433
174079
23492
235518
8734
179198
24094
228591
8734
175584
24395
219255
9939
169862
39152
324364
12649
242747
24998
217448
10842
170164
24395
211424
9637
158116
24696
209617
9638
171067
24093
240939
8433
190041
25298
216845
7831
169862
23793
226182
8132
174078
23793
213231
8433
174982
23190
211424
8734
163838
37647
302981
13854
239735
26805
227688
9035
175284
26202
228892
9035
175283
39153
361710
12951
241542
24094
213834
8433
171669
24094
221363
9035
184620
24093
274068
13854
249975
24696
222567
8734
174681
52705
228290
10240
196064
52404
221664
11444
213231
52103
224977
11143
197871
52404
219255
12649
190342
52405
219857
11144
196666
52706
222568
10240
198473
54513
221062
10240
181306
53910
239734
11444
179199
54513
221363
12650
193655
83124
273767
11144
208413
52404
231602
9638
190944
52103
222869
10241
205400
52103
228290
11144
197570
52705
220158
10842
214135
51802
215340
11445
190342
56019
222266
11444
203293
52705
239132
14456
198474
53910
233109
12348
212328
53307
220158
9939
203895
52705
216544
12649
196667
52103
217146
11445
207810
52705
219255
9939
195160
52705
241843
10240
224374
52404
220761
12047
219857
52705
219255
9938
204497
53006
239433
12649
176488
52103
225579
11746
198474
52404
219255
11746
202088
53007
230699
12047
198775
52705
234313
10541
201184
52404
213532
9939
191848
52103
228591
10843
196666
89749
336110
19877
283705
51801
225880
11444
200582
24094
264130
7831
159623
24395
216845
8132
169260
315028
256901
42466
480974
306896
253287
38551
545124
503563
288224
37948
311715
306897
239434
34936
489106
309306
289127
37948
531873
305692
249974
41863
510490
466217
278284
35539
318341
305992
244854
32225
327978
312619
239735
43670
505973
306595
261118
38249
503563
309305
325569
50598
487299
304788
240036
35840
496334
413813
248468
52706
518622
309004
555967
44874
353880
310811
251179
36141
316232
548136
305992
33731
501454
305390
231001
39454
452062
305992
240036
47586
505972
305993
258708
36743
483685
310210
253889
40057
318039
304487
238831
38550
490612
681858
374660
68668
328581
305992
258709
45778
528861
316835
240036
31925
545125
311113
254491
31623
323160
306595
261720
40658
484287
369841
251179
29817
553257
308703
266539
31623
515610
305993
237024
31924
319546
317136
233410
37346
583073
305691
246059
34334
305089
311414
280393
44574
547233
310209
247264
46983
318040
471638
355385
75293
1657360
308101
263527
39454
530066
305692
235518
40659
346350
315630
240638
42164
554160
307800
238530
36442
485191
315329
230699
36744
491817
308100
236121
46682
454772
305992
241542
33130
516212
305089
235518
53308
326473
307498
236421
33430
470735
501153
258106
41261
544824
315329
249372
37647
540306
307197
248168
40658
482480
305993
242144
31924
543317
511393
367432
58127
730949
308704
267141
38249
443328
310811
265334
41562
342435
303583
248468
40056
481879
610178
275273
56922
555063
527356
250276
71679
542113
535788
288525
58428
559581
562593
418030
118662
888765
537896
257203
74691
885150
521935
263226
65957
789979
547835
327376
74691
1047483
553859
267142
72884
729744
726431
413813
149683
1264630
567713
299668
79811
498744
652343
265636
82522
578856
714686
282502
83124
593915
568013
415620
109929
1358596
530969
277080
87642
832445
539704
285212
57826
924905
532777
259310
94569
558377
904426
406886
113844
768295
620418
271960
64451
773715
525548
257504
59632
514103
526151
266840
83727
551750
725528
390020
104508
945987
529765
289428
80113
947794
971587
321654
80112
554763
532475
308101
84027
610479
684267
420137
133420
892077
636380
271659
73185
1170061
515007
281898
52404
900510
665594
265937
57223
985139
531873
280694
66258
981827
529464
263829
31021
964359
664690
435498
39453
1939258
531572
309005
56319
967672
530368
549040
252685
1353475
536993
258106
67162
1278785
507177
276177
90955
1145364
562593
335206
74390
1087840
521332
278887
99990
961950
531572
263226
66258
566810
1510688
521934
351469
2127794
1513700
517116
221062
1801020
1488401
488203
249974
1816982
8706334
583675
361710
3230392
1488703
518320
340026
1938958
1495328
565906
188836
1778432
1534783
394237
289127
1793491
1514302
579158
260816
1770300
1569719
507478
268647
1771204
1906130
664390
391827
2041658
1483884
480674
272261
1848906
1494425
383997
299668
1776926
1507677
387912
232205
1842582
1548636
432185
252986
1818789
2363011
487600
286416
1954618
1527554
467120
239734
1871796
1517012
421343
287018
1863362
3786960
714685
463808
2347349
7215223
1829029
1282098
6684554
7065841
2116349
1000500
6316520
7030603
1963353
1208912
6122865
8005503
3329778
1602547
7569705
7044156
2430774
1309805
6098169
7078791
1603450
1432986
6667087
7007112
1868784
1070673
5997276
7095657
2288319
1449550
6032212
7027892
2297355
1143558
6099675
8904206
1765181
1210117
6964043
7087827
2352770
958335
6480660
7080900
1757651
1170663
6515897
7891358
1866374
1421541
6663773
20917129
2268743
2295547
9278565
7049879
1324261
1365824
7573017
9439392
2440714
2247962
10486573
7012834
1801924
1185119
6652028
7061323
1303179
1156808
6879113
7066142
1875108
1354379
7780827
7048071
2105205
1508580
5984024
7954906
2011541
1135425
8628933
7039036
1161025
1412806
6706540
7121558
2432582
1417024
7293227
7003799
1817585
1805537
7392313
7026086
3117149
1197468
6306581
7130895
2491310
1323659
6168944
8821081
1910948
1433889
10436880
7119148
1703439
1348958
7838652
7084814
1355584
2223868
6759546
10804914
2088641
1346850
10760943
8247948
1989856
2019672
9550827
21995030
6458975
2909641
11032602
22029665
5774708
2837359
10292617
22115801
7713365
3262918
13634142
21957383
5595510
2646114
12246032
28972927
6717081
2740382
12361381
23932783
5868975
3216839
10460371
21967020
8297340
3744495
10201965
21891727
5421130
2860851
10587768
21979068
7770588
3431877
10237803
22004065
5565995
3142749
11550018
21876368
7864855
2818987
10522714
21976056
5775311
2925302
10727513
21927868
7740168
2435593
10498921
22073034
6717382
2557869
10684746
28492555
8229576
2580759
11758732
22046530
7660057
2724118
10264910
22090502
5243738
2583168
11130182
22086286
7063732
2821999
10676916
23661124
9109305
2992464
20887914
28707594
9879708
2879222
10810938
26861397
8609658
7261001
14932803
21973647
6192737
3409589
12757124
22073034
8297641
3536986
10433868
21824566
8685553
2784353
10639269
21973947
6725815
3049385
10160403
21901968
9126473
3042458
10826599
28003449
7914548
2843082
11060912
21981176
6929409
2649728
11488881
22158869
10081194
2849105
11939135
28504301
6102084
2927109
11858421
21938409
5821992
2838263
11339800
21978767
8557856
2665690
16897361
21985693
6510175
2439810
10455251
22230247
16142318
2891269
19624791
22113994
5968664
3141846
12888134
22008282
9293624
2852417
10428748
21912809
6017755
2725323
10077579
21953769
9271939
2981320
10697094
21988705
6822191
2660570
10355262
22072432
8141031
3062638
10814251
21982380
6992354
2954817
10336891
21948046
5388001
2935240
10414593
26275313
7713364
3388507
10922071
21945638
5650323
3204490
10408570
22127847
7348342
2819590
10801903
21982080
5594606
3223163
10307977
32749347
8815360
3729135
10454649
22149231
10156487
5481967
12363790
26960484
7976591
2828625
10491392
21479722
6699010
3167145
16675696
22199226
8625319
3083117
11188911
22070926
8788556
2482577
12074664
21953167
5551840
2642801
10305568
22010691
6041850
2576543
10568493
22354632
5860844
3104802
11565379
22098032
9692679
3452055
11567788
27087579
9953194
4159211
11905404
28944015
8461480
2860248
10575119
22021533
5912645
2820794
11163312
28372086
8010925
2601239
11518395
21935699
6752620
2914761
10412184
22214285
8070255
2977104
11032301
21894438
5706341
2715383
10782025
22383846
7125172
3209911
11646394
22338368
6379766
2652739
10677217
21993825
5368424
4826913
10634450
36112556
6771895
3051795
11057599
23183462
7805825
3863459
15026167
27381525
10534761
2992464
11900886
27333036
10143838
3739074
11214812
21991717
6523727
2503960
10542591
21960696
5422335
3328272
11587665
22170915
7353461
2811157
10569396
21918532
8214819
3116849
11574715
22318190
6933324
2914158
10242020
26905670
7642589
2438304
10410979
24028556
7482967
3119860
11774996
31770533
9614675
2799110
11993346
22137786
9269529
2847599
12179773
22102850
6329470
3059927
10765460
21918230
6243636
2701229
10741065
21988706
8150066
2385598
10288100
21933591
6666484
3223163
10309484
45278482
11417502
6604141
24639036
43977411
9394818
5782840
19923255
43440719
10754318
6187015
20724377
54279967
11188610
6026189
25045921
44664690
11702713
6040344
17993032
42080617
11114822
6360190
21984489
42799821
13220630
5722303
18191807
41097887
11392505
6171355
18323118
42161633
10186002
6228878
20301830
41268352
10517293
7281481
20630712
40406090
8185304
6317424
18601102
43994577
10875991
5766276
18095431
40559991
11249748
5787959
18427927
46208507
10916650
6080099
22904274
45575138
7378460
6175570
18685430
56931201
11189513
6106000
18155364
42271261
8138621
6140635
34519648
45026098
10998268
5775010
18868544
40636790
8543098
5742784
18398411
44007528
7646805
6042451
17887922
42684472
8849091
5698511
19961203
40338929
10944659
5896382
18983894
40756055
11288901
5610870
18024052
43160326
12048461
6132201
19819049
6626
227387
5722
150286
6626
221062
6024
149081
6325
242747
5421
153297
6324
208714
4819
153298
40966876
9956507
3204490
58983399
130266138
14116623
10628125
477660577
131717194
11118436
11932208
417502299
140348235
7676922
13167322
271689866
1137973480
96147654
69550086
1129439416
70767129
37218165
